1.784000
0.928000
1.192000
2.208000
6.272000
1.616000
2.512000
5.272000
1.432000
2.656000
1.376000
1.960000
6.392000
1.640000
2.416000
1.184000
1.512000
1.784000
1.032000
1.208000
0.816000
1.792000
0.832000
6.640000
1.440000
0.888000
2.720000
4.024000
1.528000
5.816000
1.024000
2.776000
1.432000
1.240000
2.552000
3.104000
2.088000
2.960000
2.176000
4.304000
4.480000
2.248000
0.824000
1.616000
5.904000
3.136000
2.248000
0.984000
1.168000
0.880000
4.408000
3.176000
6.496000
3.472000
1.488000
1.840000
2.408000
3.512000
1.736000
1.880000
0.824000
2.552000
8.488000
1.960000
1.344000
3.312000
1.768000
3.768000
5.536000
2.280000
3.216000
5.624000
1.400000
6.768000
2.544000
2.680000
4.584000
8.088000
0.920000
1.624000
1.032000
1.672000
1.136000
2.080000
1.136000
1.784000
5.936000
1.200000
5.832000
3.160000
1.480000
4.024000
2.680000
2.816000
1.440000
1.656000
3.744000
3.872000
1.232000
7.880000
2.064000
2.576000
1.000000
1.968000
2.656000
0.920000
1.040000
1.384000
1.032000
7.344000
1.048000
2.320000
3.496000
0.888000
1.048000
0.928000
2.040000
0.936000
0.808000
3.848000
5.816000
3.872000
3.760000
3.416000
6.680000
3.032000
1.200000
1.224000
0.880000
2.728000
3.672000
1.200000
6.232000
2.904000
0.864000
2.744000
6.384000
1.376000
1.856000
4.784000
6.696000
1.144000
1.904000
7.176000
1.664000
1.192000
1.008000
6.304000
1.840000
3.176000
2.880000
0.912000
1.104000
7.424000
1.448000
2.104000
2.744000
1.688000
1.568000
1.872000
4.648000
1.024000
3.448000
3.000000
1.080000
5.280000
1.328000
1.136000
3.336000
0.808000
3.112000
1.328000
1.912000
1.256000
3.584000
8.200000
0.840000
3.240000
1.144000
2.264000
3.312000
1.680000
1.464000
4.312000
1.360000
2.960000
1.256000
1.960000
5.360000
6.456000
8.384000
1.368000
1.912000
1.912000
3.200000
1.096000
3.368000
1.472000
5.832000
1.656000
1.512000
1.680000
2.480000
1.592000
6.032000
2.688000
7.128000
0.896000
0.800000
2.112000
1.352000
2.664000
1.544000
3.272000
7.376000
5.216000
1.392000
2.984000
3.280000
1.360000
1.208000
2.040000
6.192000
0.816000
2.904000
2.104000
7.744000
1.136000
1.320000
2.072000
2.304000
1.096000
2.240000
2.112000
1.504000
2.632000
0.936000
2.288000
4.080000
1.736000
1.352000
6.584000
2.512000
0.872000
5.408000
2.152000
8.352000
3.216000
1.376000
1.824000
1.240000
2.976000
1.560000
5.872000
5.512000
1.848000
2.472000
1.920000
4.368000
2.784000
0.800000
1.672000
2.152000
1.248000
0.848000
1.480000
3.384000
2.296000
2.144000
4.496000
4.512000
7.512000
6.016000
1.472000
1.624000
0.992000
0.968000
3.120000
1.600000
2.840000
3.280000
2.288000
2.784000
1.544000
1.040000
6.856000
1.464000
2.520000
7.272000
1.992000
4.480000
0.888000
1.648000
7.744000
2.088000
6.008000
1.808000
1.040000
0.944000
1.432000
8.160000
4.152000
4.760000
1.008000
3.672000
1.088000
2.232000
6.232000
1.048000
3.616000
2.568000
2.088000
1.264000
1.096000
3.912000
1.864000
5.736000
4.168000
6.200000
1.424000
1.432000
1.104000
4.824000
1.048000
2.008000
3.728000
4.536000
1.440000
1.584000
3.552000
2.856000
5.248000
2.808000
2.368000
1.280000
1.864000
1.480000
5.256000
4.592000
6.032000
1.160000
4.808000
1.120000
5.576000
3.872000
1.368000
1.952000
1.720000
1.768000
6.048000
1.064000
2.024000
1.560000
1.472000
2.440000
2.104000
2.400000
2.232000
1.776000
6.640000
6.088000
4.752000
1.016000
0.832000
1.880000
1.088000
0.968000
2.392000
3.144000
1.896000
0.824000
7.336000
7.032000
4.032000
8.368000
1.624000
7.776000
2.920000
1.736000
3.560000
3.408000
3.688000
3.000000
1.440000
5.480000
6.472000
4.240000
3.808000
1.256000
4.560000
2.848000
1.256000
1.376000
2.472000
3.896000
2.824000
2.584000
8.704000
7.712000
1.656000
6.552000
1.536000
4.320000
1.496000
8.512000
3.536000
5.064000
2.240000
1.952000
4.984000
5.816000
7.416000
1.288000
5.736000
0.920000
0.976000
1.256000
2.728000
1.752000
0.880000
2.048000
3.912000
3.512000
2.848000
0.840000
2.904000
1.728000
0.976000
3.816000
1.784000
0.936000
3.264000
7.672000
4.680000
0.824000
1.944000
1.272000
1.704000
2.864000
3.464000
2.032000
1.576000
1.792000
1.368000
1.688000
1.072000
1.488000
3.224000
2.848000
1.008000
1.816000
5.008000
0.952000
3.840000
1.176000
4.480000
3.088000
2.080000
8.248000
0.984000
3.376000
3.480000
2.904000
5.944000
4.160000
3.984000
2.584000
3.352000
7.216000
2.016000
3.416000
1.584000
5.784000
1.016000
1.000000
3.024000
4.800000
1.160000
7.608000
2.288000
1.432000
1.184000
2.640000
1.672000
6.200000
1.544000
3.264000
6.880000
1.376000
4.112000
2.256000
3.144000
1.632000
6.176000
4.968000
2.024000
2.976000
1.912000
2.984000
4.032000
1.216000
3.888000
4.408000
1.152000
2.576000
4.904000
3.728000
0.896000
0.992000
2.576000
2.608000
0.832000
0.880000
1.096000
1.808000
5.448000
1.232000
1.656000
4.024000
7.496000
5.392000
5.144000
1.256000
3.304000
1.008000
0.952000
3.136000
4.192000
5.392000
2.328000
1.440000
4.712000
5.008000
3.720000
4.160000
1.440000
2.144000
4.832000
7.672000
1.104000
1.672000
4.880000
1.000000
4.512000
3.224000
1.384000
1.640000
7.240000
7.424000
6.400000
4.744000
4.808000
4.064000
1.144000
4.424000
1.120000
1.680000
1.928000
1.664000
4.880000
1.136000
1.000000
3.208000
3.032000
1.664000
3.768000
2.344000
4.544000
2.320000
3.080000
1.712000
8.480000
3.440000
4.744000
7.000000
2.600000
1.984000
0.912000
2.152000
1.992000
2.000000
1.312000
3.800000
1.800000
3.312000
1.320000
3.368000
2.488000
1.336000
7.432000
4.872000
3.216000
2.056000
7.832000
2.712000
1.456000
7.576000
1.936000
2.408000
5.792000
3.368000
1.104000
3.752000
1.112000
4.512000
3.080000
1.272000
1.904000
3.104000
1.208000
0.808000
1.832000
3.368000
1.440000
1.264000
2.640000
1.104000
1.672000
1.240000
0.952000
6.320000
1.248000
4.408000
2.296000
2.008000
3.928000
0.936000
2.616000
3.864000
1.960000
8.368000
4.024000
2.888000
2.936000
2.408000
2.080000
7.128000
0.824000
0.896000
2.952000
1.256000
2.048000
0.872000
2.040000
4.208000
0.992000
2.368000
5.096000
0.904000
1.872000
1.736000
0.952000
1.584000
1.552000
6.216000
3.592000
1.304000
2.232000
1.360000
1.200000
8.368000
2.544000
2.872000
1.152000
1.240000
1.592000
1.608000
1.664000
1.656000
2.776000
7.632000
1.240000
1.944000
2.000000
3.952000
1.632000
1.504000
8.448000
3.184000
8.656000
1.472000
2.224000
2.824000
1.208000
1.880000
1.760000
1.048000
1.088000
3.016000
1.744000
3.792000
1.864000
1.880000
1.624000
0.912000
4.992000
2.184000
2.560000
7.072000
1.056000
2.152000
3.176000
3.328000
1.592000
1.440000
1.208000
1.424000
1.840000
3.184000
2.840000
8.552000
2.368000
4.976000
1.448000
0.992000
3.176000
5.360000
3.864000
1.680000
1.280000
4.248000
4.416000
1.208000
8.288000
4.632000
4.120000
3.016000
7.320000
7.456000
2.632000
1.280000
3.048000
2.992000
1.448000
1.256000
4.984000
1.008000
2.952000
3.760000
3.672000
1.544000
3.664000
1.344000
1.088000
3.088000
2.064000
3.320000
1.008000
3.704000
1.624000
4.160000
3.488000
2.688000
3.968000
1.528000
8.536000
4.464000
1.024000
3.440000
1.592000
5.896000
4.528000
1.184000
4.656000
1.280000
0.864000
3.224000
3.064000
4.304000
5.768000
0.808000
1.544000
2.504000
2.008000
3.192000
5.568000
8.472000
1.472000
1.936000
1.752000
2.944000
1.848000
3.152000
2.008000
7.376000
4.880000
1.392000
0.928000
3.280000
5.816000
4.080000
0.968000
5.160000
1.896000
5.608000
1.352000
7.648000
3.840000
2.200000
2.368000
1.728000
5.328000
8.360000
0.832000
3.304000
8.368000
7.920000
2.304000
1.072000
3.952000
3.448000
6.408000
0.816000
1.256000
6.280000
1.360000
1.424000
2.208000
5.088000
6.416000
2.072000
1.376000
3.520000
3.184000
3.664000
1.544000
1.272000
2.104000
1.320000
0.880000
1.752000
3.600000
1.496000
3.344000
4.920000
3.760000
1.632000
5.560000
6.048000
1.632000
2.936000
0.992000
2.968000
0.960000
1.000000
1.336000
4.800000
0.888000
3.568000
1.528000
8.280000
1.728000
4.024000
4.024000
2.896000
4.920000
4.096000
2.864000
0.880000
0.816000
2.416000
1.200000
4.904000
1.616000
1.880000
8.568000
5.104000
7.896000
3.280000
2.512000
1.048000
1.360000
0.968000
0.856000
1.256000
1.784000
6.800000
0.984000
5.736000
3.048000
3.400000
2.728000
3.280000
2.016000
0.856000
2.128000
1.840000
3.816000
1.800000
1.208000
7.144000
5.824000
2.936000
1.464000
0.904000
0.872000
3.688000
5.096000
1.080000
1.408000
1.496000
1.296000
6.408000
2.752000
6.928000
2.792000
1.432000
2.256000
2.344000
3.584000
1.704000
1.264000
3.424000
0.944000
1.464000
2.048000
0.952000
3.136000
3.216000
1.352000
8.664000
3.056000
3.552000
3.144000
2.576000
1.248000
3.712000
0.816000
1.640000
1.488000
5.224000
2.136000
2.216000
4.128000
1.248000
2.936000
4.984000
8.200000
5.152000
1.376000
1.992000
3.760000
1.752000
1.408000
1.168000
1.608000
7.352000
1.760000
7.752000
6.184000
2.184000
3.792000
6.128000
0.848000
2.776000
1.760000
2.040000
3.984000
1.496000
0.896000
3.240000
1.480000
1.544000
0.928000
1.104000
2.232000
4.736000
2.200000
0.928000
1.272000
1.832000
3.096000
3.256000
1.024000
1.616000
1.120000
5.176000
1.816000
2.768000
1.440000
5.656000
6.008000
1.336000
5.200000
2.024000
2.720000
7.536000
1.880000
7.664000
2.352000
1.608000
2.888000
2.784000
1.600000
3.400000
1.920000
3.248000
1.376000
4.360000
4.088000
3.936000
1.576000
5.936000
1.040000
4.784000
1.048000
4.976000
